[logo.jpg]
backuphash=14790
crop=rect64(ffffde93)
filters=crop64=1,ffffde93;
text=1;136;8;TIGSFLIX;Glasgow Heavy;0.199585,0.503169,0.154379,6.283185;v1,4291448619,4278190080,128.000000,1.000000,0.500000,0.777344,400,2,49152;;
textactive=1
[fundo4.jpg]
text=1;140;8;TROCAQUI;Bahnschrift Light;0.196445,0.395991,0.146241,6.283185;v1,4294950144,4294967295,128.000000,1.000000,0.500000,1.000000,400,2,49152;;
backuphash=52906
textactive=1
